Voxel Map: Horse Original (Size: 31x7x24)
Z = 0:
0 0 0 0 0 0 0 0 0 0 0 0 0 0 0 0 0 0 0 0 0 0 0 0 0 0 0 0 0 0 0 
0 0 0 0 0 0 0 0 0 0 0 0 0 0 0 0 0 0 0 0 0 118 118 0 0 0 0 0 0 0 0 
0 0 0 0 0 0 0 0 0 0 0 0 0 0 0 0 0 0 0 0 0 118 118 0 0 0 0 0 0 0 0 
0 0 0 0 0 0 0 0 0 0 0 0 0 0 0 0 0 0 0 0 0 0 0 0 0 0 0 0 0 0 0 
0 0 0 0 0 0 0 0 0 0 0 0 0 0 0 0 0 0 0 0 0 0 118 118 0 0 0 0 0 0 0 
0 0 0 0 0 0 0 0 0 0 0 0 0 0 0 0 0 0 0 0 0 0 118 118 0 0 0 0 0 0 0 
0 0 0 0 0 0 0 0 0 0 0 0 0 0 0 0 0 0 0 0 0 0 0 0 0 0 0 0 0 0 0 

Z = 1:
0 0 0 0 0 0 0 0 0 0 0 0 0 0 0 0 0 0 0 0 0 0 0 0 0 0 0 0 0 0 0 
0 0 0 0 0 0 0 0 0 0 0 0 0 0 0 0 0 0 0 0 0 112 97 0 0 0 0 0 0 0 0 
0 0 0 0 0 0 0 0 0 0 0 0 0 0 0 0 0 0 0 0 0 112 97 0 0 0 0 0 0 0 0 
0 0 0 0 0 0 0 0 0 0 0 0 0 0 0 0 0 0 0 0 0 0 0 0 0 0 0 0 0 0 0 
0 0 0 0 0 0 0 0 0 0 0 0 0 0 0 0 0 0 0 0 0 0 112 97 0 0 0 0 0 0 0 
0 0 0 0 0 0 0 0 0 0 0 0 0 0 0 0 0 0 0 0 0 0 112 97 0 0 0 0 0 0 0 
0 0 0 0 0 0 0 0 0 0 0 0 0 0 0 0 0 0 0 0 0 0 0 0 0 0 0 0 0 0 0 

Z = 2:
0 0 0 0 0 0 0 0 0 0 0 0 0 0 0 0 0 0 0 0 0 0 0 0 0 0 0 0 0 0 0 
0 0 0 0 0 0 0 0 0 0 0 0 0 0 0 0 0 0 0 0 0 0 97 0 0 0 0 0 0 0 0 
0 0 0 0 0 0 0 0 0 0 0 0 0 0 0 0 0 0 0 0 0 0 97 0 0 0 0 0 0 0 0 
0 0 0 0 0 0 0 0 0 0 0 0 0 0 0 0 0 0 0 0 0 0 0 0 0 0 0 0 0 0 0 
0 0 0 0 0 0 0 0 0 0 0 0 0 0 0 0 0 0 0 0 0 0 0 97 0 0 0 0 0 0 0 
0 0 0 0 0 0 0 0 0 0 0 0 0 0 0 0 0 0 0 0 0 0 0 97 0 0 0 0 0 0 0 
0 0 0 0 0 0 0 0 0 0 0 0 0 0 0 0 0 0 0 0 0 0 0 0 0 0 0 0 0 0 0 

Z = 3:
0 0 0 0 0 0 0 0 0 0 0 0 0 0 0 0 0 0 0 0 0 0 0 0 0 0 0 0 0 0 0 
0 0 0 0 0 0 0 0 0 0 0 0 0 0 0 0 0 0 0 0 0 0 98 0 0 0 0 0 0 0 0 
0 0 0 0 0 0 0 0 0 0 0 0 0 0 0 0 0 0 0 0 0 0 98 0 0 0 0 0 0 0 0 
0 0 0 0 0 0 0 0 0 0 0 0 0 0 0 0 0 0 0 0 0 0 0 0 0 0 0 0 0 0 0 
0 0 0 0 0 0 0 0 0 0 0 0 0 0 0 0 0 0 0 0 0 0 98 98 0 0 0 0 0 0 0 
0 0 0 0 0 0 0 0 0 0 0 0 0 0 0 0 0 0 0 0 0 0 98 98 0 0 0 0 0 0 0 
0 0 0 0 0 0 0 0 0 0 0 0 0 0 0 0 0 0 0 0 0 0 0 0 0 0 0 0 0 0 0 

Z = 4:
0 0 0 0 0 0 0 0 0 0 0 0 0 0 0 0 0 0 0 0 0 0 0 0 0 0 0 0 0 0 0 
0 0 0 0 0 0 0 0 0 0 0 0 0 0 0 0 0 0 0 0 0 98 98 0 0 0 0 0 0 0 0 
0 0 0 0 0 0 0 0 0 0 0 0 0 0 0 0 0 0 0 0 0 98 98 0 0 0 0 0 0 0 0 
0 0 0 0 0 0 0 0 0 0 0 0 0 0 0 0 0 0 0 0 0 0 0 0 0 0 0 0 0 0 0 
0 0 0 0 0 0 0 0 0 0 0 0 0 0 0 0 0 0 0 0 0 0 98 98 0 0 0 0 0 0 0 
0 0 0 0 0 0 0 0 0 0 0 0 0 0 0 0 0 0 0 0 0 0 98 98 0 0 0 0 0 0 0 
0 0 0 0 0 0 0 0 0 0 0 0 0 0 0 0 0 0 0 0 0 0 0 0 0 0 0 0 0 0 0 

Z = 5:
0 0 0 0 0 0 0 0 0 0 0 0 0 0 0 0 0 0 0 0 0 0 0 0 0 0 0 0 0 0 0 
0 0 0 0 0 0 0 0 0 0 0 0 0 0 0 0 0 0 0 0 99 99 98 0 0 0 0 0 0 0 0 
0 0 0 0 0 0 0 0 0 0 0 0 0 0 0 0 0 0 0 0 99 99 98 0 0 0 0 0 0 0 0 
0 0 0 0 0 0 0 0 0 0 0 0 0 0 0 0 0 0 0 0 0 0 0 0 0 0 0 0 0 0 0 
0 0 0 0 0 0 0 0 0 0 0 0 0 0 0 0 0 0 0 0 0 99 98 0 0 0 0 0 0 0 0 
0 0 0 0 0 0 0 0 0 0 0 0 0 0 0 0 0 0 0 0 0 99 98 0 0 0 0 0 0 0 0 
0 0 0 0 0 0 0 0 0 0 0 0 0 0 0 0 0 0 0 0 0 0 0 0 0 0 0 0 0 0 0 

Z = 6:
0 0 0 0 0 0 0 0 0 0 0 0 0 0 0 0 0 0 0 0 0 0 0 0 0 0 0 0 0 0 0 
0 0 0 0 0 0 0 0 0 0 97 97 112 0 0 0 0 0 0 150 100 99 0 0 0 0 0 0 0 0 0 
0 0 0 0 0 0 0 0 0 0 97 97 112 0 0 0 0 0 0 100 99 99 0 0 0 0 0 0 0 0 0 
0 0 0 0 0 0 0 0 0 0 0 0 0 0 0 0 0 0 0 0 0 0 0 0 0 0 0 0 0 0 0 
0 0 0 0 0 0 0 0 0 0 0 0 0 0 0 0 0 0 0 100 99 99 99 0 0 0 0 0 0 0 0 
0 0 0 0 0 0 0 0 0 0 0 0 0 0 0 0 0 0 0 100 99 99 99 0 0 0 0 0 0 0 0 
0 0 0 0 0 0 0 0 0 0 0 0 0 0 0 0 0 0 0 0 0 0 0 0 0 0 0 0 0 0 0 

Z = 7:
0 0 0 0 0 0 0 0 0 0 0 0 0 0 0 0 0 0 0 0 0 0 0 0 0 0 0 0 0 0 0 
0 0 0 0 0 0 0 0 0 98 0 118 118 0 0 0 0 0 150 203 150 100 0 0 0 0 0 0 0 0 0 
0 0 0 0 0 0 0 0 0 98 0 118 118 0 0 0 0 0 203 150 100 99 0 0 0 0 0 0 0 0 0 
0 0 0 0 0 0 0 0 0 0 0 0 0 0 0 0 0 0 0 0 0 0 0 0 0 0 0 0 0 0 0 
0 0 0 0 0 0 0 0 0 0 97 97 112 0 0 0 0 0 203 150 100 99 0 0 0 0 0 0 0 0 0 
0 0 0 0 0 0 0 0 0 0 97 97 112 0 0 0 0 0 203 150 100 99 0 0 0 0 0 0 0 0 0 
0 0 0 0 0 0 0 0 0 0 0 0 0 0 0 0 0 0 0 0 0 0 0 0 0 0 0 0 0 0 0 

Z = 8:
0 0 0 0 0 0 0 0 0 0 0 0 0 0 0 0 0 0 203 150 0 0 0 0 0 0 0 0 0 0 0 
0 0 0 0 0 0 0 0 99 98 0 0 0 0 0 0 0 203 60 60 203 0 0 0 0 0 0 0 0 0 0 
0 0 0 0 0 0 0 0 99 98 0 0 0 0 0 0 0 0 150 60 150 0 0 0 0 0 0 0 0 0 0 
0 0 0 0 0 0 0 0 0 0 0 0 0 0 0 0 0 0 0 0 0 0 0 0 0 0 0 0 0 0 0 
0 0 0 0 0 0 0 0 98 98 0 118 118 0 0 0 0 0 150 60 150 0 0 0 0 0 0 0 0 0 0 
0 0 0 0 0 0 0 0 98 98 0 118 118 0 0 0 0 203 60 60 60 0 0 0 0 0 0 0 0 0 0 
0 0 0 0 0 0 0 0 0 0 0 0 0 0 0 0 0 0 203 150 0 0 0 0 0 0 0 0 0 0 0 

Z = 9:
0 0 0 0 0 0 0 0 0 0 0 0 0 0 0 0 0 203 60 203 150 0 0 0 0 0 0 0 0 0 0 
0 0 0 0 0 0 0 0 99 99 100 204 0 0 0 0 203 60 60 60 60 0 0 0 0 0 0 0 0 0 0 
0 0 0 0 0 0 0 0 99 99 100 204 0 0 0 0 150 150 60 60 60 0 0 0 0 0 0 0 0 0 0 
0 0 0 0 0 0 0 0 0 0 0 0 0 0 0 150 150 150 150 0 0 0 0 0 0 0 0 0 199 0 199 
0 0 0 0 0 0 0 99 98 0 0 0 0 0 0 0 150 150 60 60 60 0 0 0 0 0 0 0 0 0 0 
0 0 0 0 0 0 0 99 98 0 0 0 0 0 0 0 203 60 60 60 60 0 0 0 0 0 0 0 0 0 0 
0 0 0 0 0 0 0 0 0 0 0 0 0 0 0 0 0 203 60 203 150 0 0 0 0 0 0 0 0 0 0 

Z = 10:
0 0 0 0 0 0 0 0 0 0 60 0 0 0 0 0 60 60 203 60 203 0 0 0 0 0 0 0 0 0 0 
0 0 0 0 0 0 0 0 99 100 204 204 150 0 0 150 203 60 60 60 60 0 0 0 0 0 0 0 0 0 0 
0 0 0 0 0 0 0 0 99 100 204 204 150 150 150 150 150 60 60 60 60 60 0 0 0 0 0 199 0 0 0 
0 0 0 0 0 0 0 0 0 0 0 0 150 150 150 150 150 60 60 150 0 0 0 0 0 0 0 199 180 199 0 
0 0 0 0 0 0 0 99 99 100 204 204 150 150 150 150 150 60 60 60 60 60 0 0 0 0 0 199 0 0 0 
0 0 0 0 0 0 0 99 99 100 204 204 150 0 0 150 203 60 60 60 60 0 0 0 0 0 0 0 0 0 0 
0 0 0 0 0 0 0 0 0 0 60 0 0 0 0 0 60 60 203 60 203 0 0 0 0 0 0 0 0 0 0 

Z = 11:
0 0 0 0 0 0 0 0 0 0 60 60 60 60 203 60 60 60 60 203 60 0 0 0 0 0 0 0 0 0 0 
0 0 0 0 0 0 0 0 0 0 150 203 60 150 150 60 60 60 60 60 60 60 0 0 0 0 0 0 0 0 0 
0 0 0 0 0 0 0 0 0 0 203 150 60 60 60 60 60 60 60 60 60 60 0 0 180 199 180 0 0 0 0 
0 0 0 0 0 0 0 0 0 0 0 60 60 0 60 60 60 60 60 60 150 150 0 0 93 180 199 180 0 0 0 
0 0 0 0 0 0 0 0 100 204 204 204 60 60 60 60 60 60 60 60 60 60 0 0 180 199 180 0 0 0 0 
0 0 0 0 0 0 0 0 100 204 150 203 60 150 150 60 60 60 60 60 60 60 0 0 0 0 0 0 0 0 0 
0 0 0 0 0 0 0 0 0 0 60 60 60 60 203 60 60 60 60 203 60 0 0 0 0 0 0 0 0 0 0 

Z = 12:
0 0 0 0 0 0 0 0 0 0 60 60 60 60 60 203 60 60 60 203 0 0 0 0 0 0 0 0 0 0 0 
0 0 0 0 0 0 0 0 0 150 60 60 60 60 60 60 60 60 60 60 60 0 0 0 0 0 0 0 0 0 0 
0 0 0 0 0 0 0 0 0 204 60 60 60 60 60 60 60 60 60 60 60 60 180 93 0 0 0 0 0 0 0 
0 0 0 0 0 0 0 0 0 0 60 60 60 0 60 60 60 60 60 60 60 150 150 93 93 180 199 0 0 0 0 
0 0 0 0 0 0 0 0 0 204 60 60 60 60 60 60 60 60 60 60 60 60 180 93 0 0 0 0 0 0 0 
0 0 0 0 0 0 0 0 0 60 60 60 60 60 60 60 60 60 60 60 60 0 0 0 0 0 0 0 0 0 0 
0 0 0 0 0 0 0 0 0 0 60 60 60 60 60 203 60 60 60 203 0 0 0 0 0 0 0 0 0 0 0 

Z = 13:
0 0 0 0 0 0 0 0 0 60 60 203 60 60 60 60 60 60 203 60 0 0 0 0 0 0 0 0 0 0 0 
0 0 0 0 0 0 0 0 60 60 60 60 60 60 60 60 60 203 203 60 60 0 0 0 0 0 0 0 0 0 0 
0 0 0 0 0 0 0 0 204 204 60 60 60 60 60 60 60 60 60 60 60 204 0 0 0 0 0 0 0 0 0 
0 0 0 0 0 0 0 0 0 204 60 60 60 0 60 60 60 60 60 60 60 60 93 93 0 0 0 0 0 0 0 
0 0 0 0 0 0 0 0 204 204 60 60 60 60 60 60 60 60 60 60 60 204 0 0 0 0 0 0 0 0 0 
0 0 0 0 0 0 0 0 60 60 60 60 60 60 60 60 60 203 203 60 60 0 0 0 0 0 0 0 0 0 0 
0 0 0 0 0 0 0 0 0 60 60 203 60 60 60 60 60 60 203 60 0 0 0 0 0 0 0 0 0 0 0 

Z = 14:
0 0 0 0 0 0 0 0 0 60 60 203 60 60 203 60 60 0 0 0 0 0 0 0 0 0 0 0 0 0 0 
0 0 0 0 0 0 0 0 60 60 60 60 60 60 60 60 60 204 203 203 0 0 0 0 0 0 0 0 0 0 0 
0 0 0 0 0 0 0 0 60 60 60 60 60 60 60 60 60 204 203 203 60 0 0 0 0 0 0 0 0 0 0 
0 0 0 0 0 0 0 60 60 60 60 60 60 0 60 60 60 204 204 203 204 0 0 0 0 0 0 0 0 0 0 
0 0 0 0 0 0 0 0 60 60 60 60 60 60 60 60 60 204 203 203 60 0 0 0 0 0 0 0 0 0 0 
0 0 0 0 0 0 0 0 60 60 60 60 60 60 203 204 204 204 203 203 0 0 0 0 0 0 0 0 0 0 0 
0 0 0 0 0 0 0 0 0 60 60 203 60 60 203 60 60 0 0 0 0 0 0 0 0 0 0 0 0 0 0 

Z = 15:
0 0 0 0 0 0 0 0 0 0 203 60 60 60 0 0 0 0 0 0 0 0 0 0 0 0 0 0 0 0 0 
0 0 0 0 0 0 0 0 0 60 60 60 204 204 204 204 0 0 0 0 0 0 0 0 0 0 0 0 0 0 0 
0 0 0 0 0 0 0 60 60 60 60 60 60 60 204 204 204 204 204 203 0 0 0 0 0 0 0 0 0 0 0 
0 190 191 0 0 0 60 60 60 60 60 60 60 0 204 204 204 204 204 204 0 0 0 0 0 0 0 0 0 0 0 
0 0 0 0 0 0 0 60 60 60 60 60 60 60 204 204 204 204 204 203 0 0 0 0 0 0 0 0 0 0 0 
0 0 0 0 0 0 0 0 0 60 60 60 204 204 204 204 0 0 0 0 0 0 0 0 0 0 0 0 0 0 0 
0 0 0 0 0 0 0 0 0 0 203 60 60 60 0 0 0 0 0 0 0 0 0 0 0 0 0 0 0 0 0 

Z = 16:
0 0 0 0 0 0 0 0 0 0 0 0 0 0 0 0 0 0 0 0 0 0 0 0 0 0 0 0 0 0 0 
0 0 0 0 0 0 0 0 0 0 203 204 204 0 0 0 0 0 0 0 0 0 0 0 0 0 0 0 0 0 0 
124 190 0 60 60 0 203 60 60 60 60 60 204 204 0 0 0 0 0 0 0 0 0 0 0 0 0 0 0 0 0 
124 60 122 0 0 204 60 60 60 60 60 60 60 93 204 0 0 0 0 0 0 0 0 0 0 0 0 0 0 0 0 
124 190 0 60 60 0 203 60 60 60 60 60 204 204 0 0 0 0 0 0 0 0 0 0 0 0 0 0 0 0 0 
0 0 0 0 0 0 0 0 0 0 203 204 204 0 0 0 0 0 0 0 0 0 0 0 0 0 0 0 0 0 0 
0 0 0 0 0 0 0 0 0 0 0 0 0 0 0 0 0 0 0 0 0 0 0 0 0 0 0 0 0 0 0 

Z = 17:
0 0 0 0 0 0 0 0 0 0 0 0 0 0 0 0 0 0 0 0 0 0 0 0 0 0 0 0 0 0 0 
0 0 0 0 0 0 0 0 0 0 0 168 0 0 0 0 0 0 0 0 0 0 0 0 0 0 0 0 0 0 0 
91 191 122 60 60 60 60 60 60 203 204 204 0 0 0 0 0 0 0 0 0 0 0 0 0 0 0 0 0 0 0 
124 60 0 60 60 60 60 60 60 60 60 60 93 93 0 0 0 0 0 0 0 0 0 0 0 0 0 0 0 0 0 
91 191 122 60 60 60 60 60 60 203 204 204 0 0 0 0 0 0 0 0 0 0 0 0 0 0 0 0 0 0 0 
0 0 0 0 0 0 0 0 0 0 0 0 0 0 0 0 0 0 0 0 0 0 0 0 0 0 0 0 0 0 0 
0 0 0 0 0 0 0 0 0 0 0 0 0 0 0 0 0 0 0 0 0 0 0 0 0 0 0 0 0 0 0 

Z = 18:
0 0 0 0 0 0 0 0 0 0 0 0 0 0 0 0 0 0 0 0 0 0 0 0 0 0 0 0 0 0 0 
0 0 0 0 0 0 0 93 0 168 0 0 0 0 0 0 0 0 0 0 0 0 0 0 0 0 0 0 0 0 0 
0 0 0 91 203 60 60 203 203 204 93 0 0 0 0 0 0 0 0 0 0 0 0 0 0 0 0 0 0 0 0 
0 94 215 60 60 60 60 60 60 60 93 93 168 0 0 0 0 0 0 0 0 0 0 0 0 0 0 0 0 0 0 
0 0 0 91 203 60 60 203 203 204 0 93 0 0 0 0 0 0 0 0 0 0 0 0 0 0 0 0 0 0 0 
0 0 0 0 0 0 0 0 0 0 0 0 0 0 0 0 0 0 0 0 0 0 0 0 0 0 0 0 0 0 0 
0 0 0 0 0 0 0 0 0 0 0 0 0 0 0 0 0 0 0 0 0 0 0 0 0 0 0 0 0 0 0 

Z = 19:
0 0 0 0 0 0 0 0 0 0 0 0 0 0 0 0 0 0 0 0 0 0 0 0 0 0 0 0 0 0 0 
0 0 0 0 0 0 0 0 93 0 0 0 0 0 0 0 0 0 0 0 0 0 0 0 0 0 0 0 0 0 0 
0 0 122 203 60 93 168 168 93 93 0 0 0 0 0 0 0 0 0 0 0 0 0 0 0 0 0 0 0 0 0 
0 0 94 60 60 93 168 168 93 93 168 93 0 0 0 0 0 0 0 0 0 0 0 0 0 0 0 0 0 0 0 
0 0 122 203 60 0 0 93 168 0 0 0 0 0 0 0 0 0 0 0 0 0 0 0 0 0 0 0 0 0 0 
0 0 0 0 0 0 0 0 0 0 0 0 0 0 0 0 0 0 0 0 0 0 0 0 0 0 0 0 0 0 0 
0 0 0 0 0 0 0 0 0 0 0 0 0 0 0 0 0 0 0 0 0 0 0 0 0 0 0 0 0 0 0 

Z = 20:
0 0 0 0 0 0 0 0 0 0 0 0 0 0 0 0 0 0 0 0 0 0 0 0 0 0 0 0 0 0 0 
0 0 0 0 0 0 0 0 0 0 0 0 0 0 0 0 0 0 0 0 0 0 0 0 0 0 0 0 0 0 0 
0 0 0 0 157 0 93 0 93 0 0 0 0 0 0 0 0 0 0 0 0 0 0 0 0 0 0 0 0 0 0 
0 0 0 93 93 168 93 93 0 93 0 0 0 0 0 0 0 0 0 0 0 0 0 0 0 0 0 0 0 0 0 
0 0 0 0 157 0 0 0 0 0 0 0 0 0 0 0 0 0 0 0 0 0 0 0 0 0 0 0 0 0 0 
0 0 0 0 0 0 0 0 0 0 0 0 0 0 0 0 0 0 0 0 0 0 0 0 0 0 0 0 0 0 0 
0 0 0 0 0 0 0 0 0 0 0 0 0 0 0 0 0 0 0 0 0 0 0 0 0 0 0 0 0 0 0 

Z = 21:
0 0 0 0 0 0 0 0 0 0 0 0 0 0 0 0 0 0 0 0 0 0 0 0 0 0 0 0 0 0 0 
0 0 0 0 0 0 0 0 0 0 0 0 0 0 0 0 0 0 0 0 0 0 0 0 0 0 0 0 0 0 0 
0 0 0 0 187 0 0 0 0 0 0 0 0 0 0 0 0 0 0 0 0 0 0 0 0 0 0 0 0 0 0 
0 0 0 0 0 0 0 0 0 0 0 0 0 0 0 0 0 0 0 0 0 0 0 0 0 0 0 0 0 0 0 
0 0 0 0 187 0 0 0 0 0 0 0 0 0 0 0 0 0 0 0 0 0 0 0 0 0 0 0 0 0 0 
0 0 0 0 0 0 0 0 0 0 0 0 0 0 0 0 0 0 0 0 0 0 0 0 0 0 0 0 0 0 0 
0 0 0 0 0 0 0 0 0 0 0 0 0 0 0 0 0 0 0 0 0 0 0 0 0 0 0 0 0 0 0 

Z = 22:
0 0 0 0 0 0 0 0 0 0 0 0 0 0 0 0 0 0 0 0 0 0 0 0 0 0 0 0 0 0 0 
0 0 0 0 0 0 0 0 0 0 0 0 0 0 0 0 0 0 0 0 0 0 0 0 0 0 0 0 0 0 0 
0 0 0 0 0 0 0 0 0 0 0 0 0 0 0 0 0 0 0 0 0 0 0 0 0 0 0 0 0 0 0 
0 0 0 0 0 0 0 0 0 0 0 0 0 0 0 0 0 0 0 0 0 0 0 0 0 0 0 0 0 0 0 
0 0 0 0 0 0 0 0 0 0 0 0 0 0 0 0 0 0 0 0 0 0 0 0 0 0 0 0 0 0 0 
0 0 0 0 0 0 0 0 0 0 0 0 0 0 0 0 0 0 0 0 0 0 0 0 0 0 0 0 0 0 0 
0 0 0 0 0 0 0 0 0 0 0 0 0 0 0 0 0 0 0 0 0 0 0 0 0 0 0 0 0 0 0 

Z = 23:
0 0 0 0 0 0 0 0 0 0 0 0 0 0 0 0 0 0 0 0 0 0 0 0 0 0 0 0 0 0 0 
0 0 0 0 0 0 0 0 0 0 0 0 0 0 0 0 0 0 0 0 0 0 0 0 0 0 0 0 0 0 0 
0 0 0 0 0 0 0 0 0 0 0 0 0 0 0 0 0 0 0 0 0 0 0 0 0 0 0 0 0 0 0 
0 0 0 0 0 0 0 0 0 0 0 0 0 0 0 0 0 0 0 0 0 0 0 0 0 0 0 0 0 0 0 
0 0 0 0 0 0 0 0 0 0 0 0 0 0 0 0 0 0 0 0 0 0 0 0 0 0 0 0 0 0 0 
0 0 0 0 0 0 0 0 0 0 0 0 0 0 0 0 0 0 0 0 0 0 0 0 0 0 0 0 0 0 0 
0 0 0 0 0 0 0 0 0 0 0 0 0 0 0 0 0 0 0 0 0 0 0 0 0 0 0 0 0 0 0 

